city

[[ 1.00008172e+00  1.39650557e-04 -5.99124838e+02]
 [-6.98523739e-06  1.00010476e+00 -3.00790601e+00]
 [-2.12473499e-08  1.90945261e-07  1.00000000e+00]]


 #  mapa
# H = np.array([[1.20037934e+00, -2.23420595e-05, -6.81886838e+02],
#           [1.50388264e-04, 1.16137777e+00, 9.62763826e+01],
#           [-6.86162290e-08, -2.25772607e-07, 1.00000000e+00]])


house
[[ 1.07879545e+00 -6.30633365e-03 -6.93857802e+02]
 [ 6.94208314e-02  1.05624157e+00 -1.86610859e+02]
 [ 2.97424950e-05  2.82260620e-06  1.00000000e+00]]

montanha
[[ 1.12294499e+00 -5.94522012e-02 -1.63069684e+02]
 [ 1.09038940e-01  1.06874276e+00 -3.07577093e+00]
 [ 3.49268534e-04 -8.05252017e-05  1.00000000e+00]]

 
 Funcionando:
    city, mapa, montanha